x0Vec = [0; 0; 0; 0];